0 0.13383458646616542 0.23275862068965517 0.2075187969924812 0.45073891625615764
1 0.2954887218045113 0.23768472906403942 0.1067669172932331 0.4310344827586207
2 0.4518796992481203 0.23275862068965517 0.2 0.4211822660098522
3 0.6120300751879699 0.23645320197044334 0.10526315789473685 0.4236453201970443
4 0.7676691729323308 0.23891625615763548 0.2 0.43349753694581283
5 0.9263157894736843 0.2413793103448276 0.1142857142857143 0.4236453201970443
6 0.11353383458646617 0.7315270935960592 0.11278195488721805 0.4088669950738916
6 0.21127819548872181 0.7327586206896551 0.09774436090225565 0.41133004926108374
8 0.30601503759398496 0.7155172413793104 0.09774436090225565 0.3866995073891626
9 0.3992481203007519 0.7204433497536946 0.09172932330827069 0.4211822660098522
10 0.4954887218045113 0.7253694581280788 0.09473684210526316 0.3916256157635468
11 0.5894736842105264 0.7241379310344828 0.09924812030075189 0.39408866995073893
11 0.6894736842105263 0.7229064039408867 0.09774436090225565 0.3916256157635468
13 0.7909774436090226 0.7216748768472907 0.09323308270676692 0.39901477832512317
14 0.9112781954887219 0.7278325123152709 0.09924812030075189 0.4014778325123153
